$ANSIBLE_VAULT;1.1;AES256
37343936663462643564623963313633366337323763316163336436316432386230366239643066
3163373236386166656666656237393366303562616563310a643438393836393435373161623937
36663636343534353730663965343032636139323963653538376231653333353064653632313464
3561633035326633300a393837343764353365633563643636306666396539333466346565666237
63663333396666393737313436636432356339343264303535346262383135346232633963633638
33653634353066656563313033316238393163653661346633383535313332313136306234653565
62323136316166326566313033323635646365303331336464316663323765353362613465303634
62333764303562346433363362376265333630643932613730326263616138663765353834646230
30613832616666306337663134313839383161313861376538373236613361323837353565333039
35613464643739356530363336336534653631363761303162653537663661396638386437303236
37326437316634626631333037323532643034316132613834343435363461333838366430376163
34396666353361316234616664663866313661393130316538633166353037313961323231346363
38613765633366373636373336333839653966333030386636643165316634323133343634613365
30353234306164623435396666636638346664353262313162646662323865646563616231343437
35643634633666393139393565303863353636633935363263633331303664303637313931373032
36613063366464393962646565623832646630393535336463393733323439303834323439656331
62666334323235613361633934316531313530396137656361366138643235313838386264616663
37623961336366626664613432623939353063393264316334363930666131636538353734393939
37353136376234616634633339643163303665313565633939306435346564333631333832363161
32396365396231626635633962366538383164363235613736326439656539366136366161623934
35633037626264366665373266623834313334396136633161303032373335336432333164343439
62323661353132653865653535336635663764303037666139623033636132396465633137313764
31633235646536336234633338303661386237663935346362333939373963383963386635343135
34303739613564383335393931323236343434316463303261393461613938346363666639303764
38373035353737346233323731633236353232373130646533343534633866383462613232623231
34353738386462323233616162346162366161346339396664336665396231313636643164653731
64316366306239343736633839633332383566393231393239323630633163363139363536393562
62373131306539376236643731386430646261396264316166323837366636336361653433383535
32653361623563643363383136356634353765653636333536306230373538663966643538623162
39613934646538656563626362636363653261386564386339366262663665336630663338613633
30663836623939363239623831386236376232363861383430396362396161323561656666323234
64396666343565363233393034306264333934613265636662363438313463646632663739633866
65646565363063313932373439643766313063383033393231333163336466353061663132303032
62353763626231396534663734653264616630303566323564333664343339623661666435303066
64386261636133383637653064333938646666613566353362356266353234613361336464383233
66383764643930366534326533303636376566333730326439396361316566356166663435663361
38633937336134623033646439636639343264353732613332366134316334613730303065666634
39663665376266643436346366393339386466383633383266656632363961346433336637343265
32623536363235386137313964353139613336306263653333346636373364393631386437633636
34626534383161633361313235633039616366303333653663346332313837383263306539393362
35393766336530623165663932623939393166306462666265373464656232303239366264346535
61353731636535383831373439616137656637343935363664346430323531393562363335346434
34383039643632656437316232383462633833306266633161636139656331633937316439353438
34623562383331356638653438333030653532656134383064383736613862643364643137326134
3337
